$ANSIBLE_VAULT;1.1;AES256
32353031373833613730653265623638643738353330333566366365656130336261343663313064
3237363333303662653366666533663530383966356433350a363438626531346666666663353161
35313330313838323239393131336166376361316330356334613936303266383264343437386236
6363376365666238340a616465393165353239336366396336363463336333346165373063303935
39636230643930393263616665333733356337383137313564376662373930653639356337366636
39383138616664383361333266333563656661366437373735386562636535653065626165643333
65313437353165393936316161643138306337626634636632393131623261383565363230636335
66653731343630646239306565646438636433616534343862313139313637313161336333373531
63613661626339633233386561313565376364623261383337613732363964313163623764613839
61396266383762373438313630616330633536316265626162633333386564303132656230613135
32386461653561366463623662666666623666306334343439316432363666303364303566333632
31626131646564376566623632393630366262666232386230396330646332343866373939383031
35643136303336373161313438393665343036326630643432663762616533626166363061346664
31653433303533393961613161633434303033303537323439383963303466663635323637646133
33656135633631306131396435663632396165646430323535306162643430666532366165333530
64396361626332303034303039646337346337396236623836666139333266393964663431623063
62616639376332653032643533623331366365666562343136343433623635303137346264306263
62306634373930663134656433323332326361353165333132306165643538666331646333363738
66626265643735393730373433303962623531633135646666353637626537653135313462323633
38343139333766626265636231663763656235393263366634666330336130326563373437653434
36366265616635353231376332303462646132363635326432643261626437303232616233383433
33636130646136393234313137353931333134303338303364613631303661323062633037363966
61323233333138303462313964653466646466633537663131386465323566643231353134343434
31313131613666313962613530376136316162656335393734643333366438643664663566666135
66623039663333323239623631373139363030613263383436623861356462376461346436343335
64363732316339373262643734353734376562313931393937306237323438393330616437353437
38643331353337373662383563343939626161613938313038353337333637383166323966313833
35303065376638646164356433623561666132633838326234393135303639326632666366396632
35393461363862363830393037333132623632613964643937393338363166663562326165633737
63383730363830356461663233653132663734343138393235366265333463646530363433313132
35666332366662313538633538663733396331313662373230646133373736663462303738646137
64353664313332346131623033666162396337616562623639663338363634666164333431343063
35383466616139363039306632313562346462613436326666366334616565373561316633336336
64376336666664313761343335633536626561666438343536663664363733323139373930383266
37656635616533643330653462623034323264343961343438356266643232633166316339643535
30363637666562386131393362666264666566653339626136393434346530303236626138646138
32383935313762376266616363613563313666363333323061363232633436306532336238303661
38663161356563313633306530336138393866343530316635353537343332383937363535623334
62643066663964316330373463653037643464343637363637336635303266656334333338323332
36373666666163663234313235393432643237623666396333313361313964316166656130376464
66666531306439646430356235383831356534306338376362373532383565376235323933373964
39666439366232663864303836353665663438643265636534323533373361326165353136643138
30626164373934333738353366643763633961353966613334363239383066333337626666613165
37323536623461653161636434353166663766353736613130636235353737353135643832393936
34313537643939313634643565326335363363633738396362316264396162663262356233313465
38666637353536356138373532383035613834313835386338663732653834666133343064343465
35643032373934626266653662383365333332613865383661363964316537666466613138623038
61613539336463313138393733306462663534333830353438333135306133313532613663316166
61666463373461306532396133666266393265663338636531313762623064323165333336303062
64346237626435323634616134303339303865376561303336616234313230316466323165333134
30663030396438373866633037306132633030313739663531613733353137396536366531643163
66366366636166393763373136306261356330623638323063333839623239626531386530316261
35333331646265613537613333326435656261626461613361356431333661313536616465393764
65646339643138643934653332323361303432646464323539616465383034323864633836373036
36633534326432373363346263383863623563356634323163386430316364633765353263643438
37393233623632616239346431653236333433306232326365633366363737313066356538306434
33373430313838393334623635353462663336333363626265366432343935616563336264386230
65373736303662623331343531313339313635333432323335316437343464646364333438393238
63636332386263316565623166613930656164333861616338343432343266663464356637303665
31646439656330373336666634306136353338653965383532363365366133373961383136356566
63363161373465626130363932346365373762643434333865643034303034333334383737343533
61666539393835343164386632373664376463323630616637643461323266333965396439383562
63306361306439383465303933323863613332633032313764336132303339356661653266366430
37306538363965616265383261356433373466323963616636616662626432646530643162393834
61333838656439366630613264383665386233333739643438323462373733623437383731396431
30633865356163373639363433323865383031373461323062366663313061616438323631316530
39616531373739656336393131366235313339353837346138333539313664396463356263313161
30346263353863303138646565643332333961323732656231316562313935323761326337313138
33623862643432373635613739383966666164616638386566626466373034353266343262633630
31666462633438396136303934393237323039356137313161316333643736623663633830643962
35303134363961636532633731613035393263353130656134653031343035636532643838326430
31326434656264383062363663366331353038623933656664623763353362363766306665633339
66373163356163386233363637373863333733613135303938626530346338373332353534653635
64346234663830383239306336623233656433646361356138633131396238323334303638613137
64623730316163343136306266393865343830643563333037646531626634376536623732383439
64363964393662626263353066303734663135383635653536653335343365626465353133346564
38643261363636343364376365666361663666336361393562633865666336353338336362353730
31383331326663653863306261356332396536663537323734306530616137326538663864373363
65323737656665636637613234373132383637333062373139336564633634376565643164326638
31323631373066306662343333636564626233336166313437343337633633363430666533653039
36373061643163373338616238366661613238376130393031613166613330626630646162346562
63343865343536643963653936363165383334393336626534336262396231643337663031613563
66306463303365643331313466376363336361326430663539626637336363366434393263633165
39623436666562346163623564343535346364613531383539303064656336333435336566386661
39396262633839353032316165316433666462373465663839313335366563343666643535616236
62626561663863343539613932366365306161646166336435316330306163396238666237353832
34626533626532623639363566653736636532656438616566333563383437643334313039346430
32313938653732633137
