$ANSIBLE_VAULT;1.1;AES256
32383135333663356335646366663630613266353361383734626339313065393530356566653437
6639383364363836396635356361616439376634653435300a623630653262393534633034353163
62343639333836346139383333616263636438306637363965633130326464363830346665396262
3736626566636365630a313432316233613235306439643338356535343039616563343739626231
66393438653437376464363865376634656136363461376532303164616330333438393933393030
32646563656164613962393532316664363839396238393562663231383533653739653334643138
65316139366135353066373036313631336437626130363563653133653836383435346234656538
62316237616664373434356531333130323935323361316133333461343436613365383838306665
34326130323164353332323137333630623634386666653766646635383239383332383432366561
65346534646138346532323865616366313635306161393432396134383332323439303033316434
38373339396438626463626531366363653839343839323934316133346439623038643162663366
34303566653065336438653339656265363031373265376230623332616164646536376535346437
33353032356364363365623035653361363834363364343038633164656532326133623032616331
39623362643137303463383138613036356235333830356438633666326131343365306634363361
62376133346666363130326533643065323966316636653061346433353639663966323533653162
31626666653037343761373537303963316139373064613363373431666162323162653439636665
31386536306139633833313663656566303132346466663333663436633866393361323837316634
38393836343362323662393732333262643563323136343565336234663335623961393133346565
33623236656435383536343037396635633838353564316134383332303765613837323464356539
38323739663933613636333533363162383733613235366461623134333532346364653264306364
62393335643234663865383365323232666233316538313563386434333965333664306632306536
65623433636433636563353134656634303138383531343564623134373731393264383633333065
63623532623333646432383563383332623261613835306532636366326331633863366534666436
62393061373035336132353863373939386366643061376635643238386434663865346530376539
33346136323733313736666566646536333638396566643266376365373039373662396363626638
62323635643932336236316362616365396561363666643035303166393664376162663337656431
37323666326137653533646333643735396135346661366534333061366431366263353230326665
64366134653065346533666465303633343732343165333830613766336135396664623662343138
61633937363035363931373538653234313662653164326564653338353034366564353066633763
33376362343031343864313137323934343763633438646365636463303935613534373939333734
66313438663234643465663864616531633631636361333762336463383265323065613331636635
34623134646163663132346463353334636366646337633639383238376230363336316161303136
66383431336632653765613462326331363262336462323434636264643231663265333462356262
39366161386262656235663561393738343530643138616638373030643632306533613132303663
32326631363530613734633563326334653335626161356339363133333164353165643734363737
31373434376235346135653264336462323230343538373363643863363862663132613132396564
33373863306531666639323232653065353738633762616438353031353666336263643063346535
33363938396365333735633230373937333166303036336636613136663963383730636235306163
34613230386532383536393134373333636338363539633833353938313936616339613861383639
33373137346435346562653763303130613631376536626631613663633735303439373763363561
66386164396634666165663834623636386164303238643139656562333838366230663238393734
64633539393665363361666366313036333239386337383532616562323632623034306666663431
36613763373263633861326531356262616332323463326533343065666431313131353630376665
30303732393664383236316234363337363632633465666261386532346432313665303236613730
31323335393434373662646132653263383634376536303863626431663137623065633431326437
39356133653937326363346164333263396561636461383038306538653637303563656438616633
66633134393434363332346563623539643139666532306433663864316436643130646330663038
64656439373332663633353432636365333161376466656465643935333166386262303132643563
34666561323837336532346663636231656633616335333732373536363265316633303662643663
36636135303230363466303430613236636231326335303536393639613138323630306232636366
37313736653762373162383364396636656531356161653666346664636565626463386562396136
32633766326435623539336462623933643839323561346430623364616630306630646561383333
36313237643064653034303833613566623436326462353230636630633934653464323038343434
33376236366230366561613530353232353865393862396133376662653361343335336662356365
62633138613830626538383231616239643339363739323832323035356233373161383263353463
64626562303136623430366466336135316561356238316339613830343330336439366263646334
64333962633131633735336537333462363035323534373461663333613439653433373032343732
61663039396563366639626265353033396432313738656165303764643932376266666630393930
64303462626461303234363937366237323230643239363066343436323264656161643233343966
64616435333930356433353032666463393137323334623739383832346535623534316232633563
63636566646338633936323039626235373832656634393564386637636532386131626165366362
38366661386235366162343936343136313638346433383863323566346561613138666333643538
34633936383732626230343130303066396631383634656135653631343765666361393934393939
36616132633031646664636366623631306134313930323137666165636132313632343436343066
34633334383766663561343838383131303236346132316261373062656563303330633436646437
61326431346237663462633065613833623939303261346265366361623562363132373933623238
38373431613665656566393866316365316464636361346538343562646137653230393165323132
30346661663261623661316265303837356439636536373436363233633137653764306434613636
34653962376363663832343937366337643931313066353331333163346166653561336535386435
39376534333532323036353065613661383035383137343962373631636137373834303138613061
65633563363862396238363230313335343835646537333831343334646131666132306266643866
61666462346431653961646239613563653335393939346633323035663335383237366535383538
33353032323038323666633466383265343966376531666565613133393132336564346361386436
37613631613562613636393561336438323861643739383937623666663630393236323963316162
38303363323637653935343536303237383535376136343432636137363132363730333537363132
63333266616131626532656666653261366237363430633162346265633237326533353264626537
33656264313234366665633030313939383333623934613963643764623062643735386165366233
62656338303063626132366561373232636266396535633264643437313238613830623130626262
64353830323531326262326664383632376631313331666233313336313333613366623162306436
35323430353135653333333338653932333538393138613661333366323235306532343235646436
64633465646663396130383664633236656339373462363036643831313265333933373664393933
62396231366365646539663137353963343537306261373136353462393665663534613464363666
39333633623762643438626133616365343033393261303732616532353835376639393863336231
36306539616564356362663962623061386535383737353238653535626532303231626163613634
37353066613934653334613139656562393961666438353634323932376533303665366666666465
30386536363762343531373334306365616132363335383438316132343533623562383733346561
65376363663961633935323966366237316239666434623835313830653662303366323033646230
39666333376237633533
