$ANSIBLE_VAULT;1.1;AES256
66643235656637336139633465346332613835653933353634396265376461363036373239393932
6232323563313134616661313765613139393530656138320a363939363934373839363630326536
30633038663932386533356538663662316135386431353732633630333562663138356564396531
3636663531313833330a333930616431353063633232376437346334373938376236346161633931
34303664396266366134303562383562343664326631656162396661663862396366363365383665
32323962303737313764306530353833363438643861613164393561653535353466646237373031
36343465643663373864643664363134346164316533653233663735303931373930636637653831
65636437633761316439326437653835303266653630646633353962343237656634353936346331
34353131626631343363386432666265393431306435623361346566323837373138666137333964
33323163353633613236616333653362393639333931336637643439626436643237653636333432
30613961646438383262316264323932316262626163363632326232626465616634326534306430
30616365633361643932646363373836636334366230313864663062356164623235626233363063
36626562653034646238646361306265326436326663353166616364623939653834616461636161
64316461613665363030326666376234653363653435386135663439666339373462373661653235
34393832623334373839646161343637323961623235386137303035343630616237636166356239
65313664316337623964653065326563613763616166393935663633303838353335666638633139
34616164363161303462626563653231356362386138653735376532613132663938373064313030
61636632383839353839346136393837366266663937303439343865656134323361363665666636
30626337386431326434323436356534383937393364636537656664633162653737613661373035
66313830366337613763306433373239643834383961646339383139323161633835336461613539
31356664663539643735313466313835626364386433383563393863316339623334643232613738
61613636323633313936346231383538346336663766323362326232626433383466663832376632
36353964653831663038393836646466363464323831666662366238393862643862356334616437
38346336316537376232326435383238323537636339656561356538633936393431626461376430
38373266663139653438303738333731333132383066386636323038383833373333373034303636
36356366643330323830613063303363313863323037356632313836383135343435313662353133
36323262643966646531303962633064663339613433393238663833393364336464316435393232
38336165666666613935643131643135386436666163386639383330386531303034366565636161
61643761383137376638333838636133363332323639363434666561616539396333383063353035
65656462323338663535626663316132343932313166383364383436643339366131363739353134
35323535643662303533353732323062636537663161393664363261613337303661376564363266
30613066653566666666393165613264616639373838353930393863623036343462643435383366
30356339373031323762303832613263313434616339303436323636356665313139393334323830
33326238666165383430326437333461613362363466626334386663333562396466643234396262
62663361623236383762373530623733373464633438636232636162613531323034353435666131
61636230326433353463613966383035646362313835373364643131343166326536626665373061
36656463646439323963376433366261376162316539356365323662393731326133303064656264
31643836646338343232353431653934666335366135326265643461613736323838303531653062
61333532633034346331333532363737393832663330653537316634613636613634373536636266
62626137643665316239336535343734353661636436666636636439636462353739636466346535
66323666663566316139663863353033626539366237356566646434396265653861353234643633
66323433633766333861373532666661623564356663613732616435626432346638383865333734
61316635396233643239353865643639396337633466663031303731393335663835646530326466
62323563616363613061653535313663323136313230366663663739396364346561313462376630
65653466313566313064666465636237646163366465393636316338383163333166326538366663
61356332383237663530616437643436666139363063373832396132626430383938313861643633
34653337386436636539336431386437613261356332643039633336303031643739353562323231
36323233653335653666663037333733633339363563353834303237626138353165353137313334
35356537393536666239376165373335666339316334343036343334376136323335353836653261
31623064383062303837643237336132623439336634396436356633336161323039316338653535
30633335636330323239326233376234616235616164336337346466363265303065643831646336
32323732396166613231653439316239343339366265616162333030393532393661623333623334
39313832633333303632303737306461396632353632626462646531646561336132373763326234
39363736383438636633373266376632363739333964643964663933303735616566666337386532
34643030383239643639643439653630316430376332353663633138613765386334643061393938
34383036653234333039643431613462393731613838383463326461353939663365646363653761
35323631383138376537353638636434316139396138616435333930666433633962663363643064
31383339333764373830666131666239386637626237663336623630383164636362353438303563
65653036393861616633636135336232353264653566666664356462656437363063333939356331
33393861326639656432663132336462376332353639343638343336383238373630623337346233
64313636646438313161366463313961303332346533346365313934623933356335396337656339
32616264373661393230396366383338653636363738343564323863373836636265386537396638
31303661326634326537316535613230653730626564363535636439306466616332356464363833
63616330396363326232393534383431336263383861366537393566396261653632353138353263
65333239643364336466326266393430663736623836616366633462616265393530386232343439
37663933343035373564326532663361316138333938633137663237366362396335643564303932
39333438353038663866616563333337383832373137303636636665326533333061366333336162
38396266376461653463396335616335616663623864616332386135393437386562333665383538
64393064346537346233633539346364353538363836343737386234323432376366663836373334
32623230373430363438366533336433326236333731633962346664623766343532623035623737
65643633346638646338613861373037636231316333636132343731383931333035363232616136
31386262623364313365633438326461653533656262363337373463303233623037393766323666
37333661356133373331313335343534316137313165313964333232366164396264336236656137
63316161353133313932633062363933613763383134353438336265366639343664333165353531
62616336616437333634386265653766326662663265663633626265336264376230343466663566
36373563323966323763613130373838376635363831613237363065356663663139323931326635
32326165393633363637386537326666663762303435303163333433326532643763396535613937
35646265643964336131636334373266326438626662633739616236316231333235313665663836
61623333636430643761303633623734353733303166666632393264613032323234623361633739
63323633343264356536633062343165353534363331356563636133313633613936656630663866
61363163353133346664366463626163323166626264653263393739343537353165316461313938
36343265333531633165363963396332353838636238316564646238323764643130396235366365
38663066303336343132396238653030636665633834613538363038356563656331393464346336
31363438623266303136633536653330623666633233323033623433646666363466616662363133
61663562383232613939386635633439393835343635623334633339623635383832333936643766
62373432356263633332303764643035323331363131383862366432313338303962643731663735
61363331346362336230306434333432656235373233343761656165363565303630633761316231
36613534363331616464653437383738636338383931386264623831333733663765623766396235
30383265373432356264393363343739333134333162343438336134393139316532326364313938
62366330333861326433396230373032386532643635396134643639353339636334366534383363
36313761363630356264613434326264316664346266363864643364303333363265326536333836
34663738306565626266643334363031393835616537353061316664376232626533656136386338
33316637333762613530313266366165643136353534376363383063386464303233663836666533
62623863343865373233303130336365356666376633626439373165376638313639663933353361
32623363373536343166663237353064643831363530346365633731323839316564313530303030
62383761333736653537356136616231383130386337346432646366323136623262343334386263
62613163383639383136323337326565386662663837336435323761373530316565636532343061
63396538336665646238393033613563313830643431386135633765623861393236396435626565
34643537663634663538303238643064373637383035663863643731663663343733313938633134
35643936613738353137303764383931356535363430363730326530393265333265373531326632
38636135353133363062396364303138626265393562373532316233316461383834306535666566
35303436656237636533376532353838323465333134623430333165336439653761376562653764
38313264343238623066616564643366396561363836356462353336623532613734663162663564
38363663613063383133356135653265326236336538326339633637346638353837636630343435
61666261613038663266393064623438633433313766353665636161343131626662336130356562
66326539343734383636333661663165373430633034333039316431336234633933636635353030
34643135356366326331306134373433656331343538663333396534666133643130656138356364
35333839663864343361306537633034663666363533356635336363396336653839386436636637
61613631323430643932663430393439613235313938373633623061306364333362616138383665
61336531333134326631333464633362373665346136623439333332623932623035373762643332
33323465373230623439346362663536366335303335353430306437383861653236363630303765
32323839383164316566656537353737373937646338323131366663383962656265623630396632
37636266333338666564303965626337336166366465626233353231323630336263343239386166
36353436326463333535313938376562343733383131376436333333663464626638383763393963
32666363393431623439336563333039316237636234666564343739383335386363656237653335
33313437366633616333323638373564616362326563303232306231303838633338666263323539
32373837616161623731613530636162666538643337353663633361376162663634663731643438
36356262333137393739643065303462313638643864396231656537363263303362303434336631
34356465373632343235663436636635316165316362616565316563666364313962316563656331
62653534313034623866346638316164303530636232646261316435313230663032393934623734
63336630383238393761396165636561653163363463646634363261346563333933306435616532
35316665386436313936626539363862386630666363363062323766373661643964383038313361
61613730303065636563303064356338623638656131383864343530623835326536363266393162
61316233323436613633613665646265633137333333333534656164633861636165663235306432
65313539393339613038333839313063663135636637303736643666393336666261643133623865
38663561316165636438653362663635623736616265383230396438343231363261383031643163
33343638333734396331663834363066623666653964326438653339336133306364613030313932
64616239363466306265326263363638373165333762613036383664663466353865666630306433
38356461363435656336383561323636383132663266636133633865633061363066383962363861
64343434393130643761623339333837626434633438653439386137613837376433353462323465
33373766366431633365326662393962393065336362363331333565366536643531373761643266
34633462663162306533353963343266386561313833356138393939323365303630353230653134
34633931626663323838363161613364626333316336376437656337353530336232646633346331
38333533666135316566323730656661373063633132343866313865623631663262626333376432
33613862363430323463326263393932316437313136393135656437643439656166613335393031
35653263613330353435353262346466643262373432353837303333303330663731356239396362
39346333646332313566346531656332323232376131316163326130353330663863353261343834
33343137663739383535376236386138303961366431666438356535343338626330306435333565
38376261633462343565343436623437323465633239303130383733373031393037366539636435
31303739333161373739383532323063356538306264343536373030313863663966303532313966
63343232393430653335656433366531643039663836373834303837386430393036316136336431
35346232303262353430626638626132356331363030363063333731373937326365383934376232
64373438396438613333633664393337373238336237316564663636383966313064323334643930
31663430313031663938613664396534363730383632376232626435376336383665343733383433
62636433656131343761633032636363336231333536343566623963643865616632393434656133
34386435626531396339303537323533353330326262356635663133356466393133373562306538
63666261363236643666656661313037646364393935393363333431306262623937323730303364
30636662326231653564366134336162316434346335333064363365383138386232373230363163
38666439343264653863613539376237626265643966373337643634376566663261656535366263
65393263366435343339636538643038316166346563616166626537653163653234653033386437
61323138613061333866633134373239623733306232633138323466623935623838386563326539
61666133616239653338376263633433663832656365306439656232333034333863613536613231
36373363623762653566306138363531306164313061663338313030363735366536323632663432
30323864656333343636376631373665386234383039373664373263343439376662313937646332
63316563333734656536383864316439316633356336393833383532303439383261313864303966
62613133346331373764633434303530346330316264623330626331626230636339613437613266
31383431333263613537336339363538356136303561333365316266326536663139393435303037
66363139623531383261663938346335613266643434666336393238623962383132633431363331
39636162626563373734383163373931326365343033663539323139626565653937316438323864
32623236326566636131343938663037323662643833323134633035656435646465633361323765
31313231646439323330343066656330353930333661323436326165376433396232333438656338
64623662326232396163326564393565323361343537383932353962323162626335626131343763
32386536326539316565363264623630306633653336376663383637373833623734336534323463
61643264353965323464393431343839613636366466373666363961353765633332646432313736
34383338613365316462643036333533666634303763363861653163666330616163653532666239
32336538633831343039653261353165313336653736613631353764306538613566633264306230
30633739333362616162313632313539383336613965393437653631303636376637326363653764
66376138353266653565316466633063396130363530643436643065393031626639313937393765
31373633303830633663663430366534306166653738356566343962613864353335353930616432
6436343732656435366365363562303362663531663239653233
