$ANSIBLE_VAULT;1.1;AES256
38383666353230306430666239613763306130663762353162343230613262376634643865666163
6138323734653564346662356165373235313834656263370a333332333563376632633931393031
37613562393732383666613234636637316633316130393166313134303039383063363339346562
3637306632356363360a383430346661396132336236626332613563653736396561643530643230
38313736303033313961656561653766613331376263346166663262626162326661333837643065
63393430613333366365373333383431636561653866353565623361666131626163383066626663
65353638393836613561336434376564356135323731323565333731653266333361353735386234
32323333613037336333323530356333303661323563316361383561633539633732356664356134
38623139333136396630386334636138363762303730626437373837386432633237373433316462
64316133373961346137383237393238353562663737316439303337663530393630303639303538
36336531336433623033643662366538376163333862323463313864356435323738636237613936
30366362393565336535396430346330393662643061666537326335333839336630396461633433
33373462363132323562393461626139373532376430396662626336386563383665333937336138
30313635613830366161383134363133653764363133343364663733313533386438333161383466
34323136643439363437323263363136633634633832393936646238366663306663616632643634
30386635333965306433626630616636326239626462323133356665383430353166326263343633
66353761633236386361323635396435356466313437353330333632303663383365323664373438
32616638373730346536336561623234353965336330363761643831346364363035383033373130
32323438316139373531663132323839613864383934343033633163646462373961666634373838
37616132663364333131303162663964653233613639653561346336383136343635383835373733
63386363356333363433646261623534343633646635373839623734396630306131636536323664
65643866663464643465353437626338313866303564643232356536643835623731643932353064
39363833643462653766313239663332653932663336346561393032626339346466666565663632
38333132363137636263366566366662643733386135613536656363663135636461363237376630
62653564633934303666343463616262393635346439366334636632356531343866666666623465
39313064363232383039313330386463376264383235336634613031323766333034363237373761
32616338616461326466353439633331333365326431393762363462303136636533356132373464
32353438663139303561363566623131316436653435326362336334643731656335356462666339
36363963303364343166643535636435316264393661623231333637313463306434613466336261
62356635626663343130626534363033623861666431313037656135313635376136386432633633
65353430303438653766363837336261633933623863666331336137663836613339343634313335
66623331386234323737313937333236386163656362663739663536623234396664326161623834
61656463623366363133613037363561363437653934653230633065383036333961396237396562
39353739376136616163653237653236306334616463333232356233393035313266323666383536
35626464626562326135633334383162363035623065623762393266666463386663653538343164
65636638323234346438313830393132363332316163653138663336313033366664613738646666
63613762343063326565626131633664396137383335363936626464336536626636633233326136
37613136656333393433396134613364313961353963626439356364373435313132613730353766
32366663623435393666623734323639633065346637646632396635623832633234663030333365
62316339323665393264306538353064383463633839656632343334346433663434316433366437
34383137303033343438626634613130663066313237386137616164646138356536393761353863
37386264643236383361633863383936656534313064333137346461366134636662333464383739
31643533616563356566626237353364643132366431653864383935653265353838393666383130
35653062373833336339336234383638373063333563343734373639643630363538633161376363
32613762633064653338616135613831626563636431303238643434353339303061613031393730
33333930346666306364326132366339643030346437373737353666333136313962653936623463
31373836346163663363303762643031623531353863393435626566303730366663316236643933
35653730656239333366313437633865393831333634643164343764333166323162336437663035
35346165356237303232356466386239396432303634643564303530643062373731636539343638
34666537613663646138663030653436666430313961323266353231636138656438346531306531
35303134643530343438313139303137616166303464363464373933303838653737373630343130
62343265336138653564353163313164343264633936643131343431396236626631626234356432
35616139353661386362313834356332616662366130306265343865653935336365653635663836
38666532653132343465373431393463636236353630393263333531633363303939386263663630
35626562636662383934396632653461396537386436316538323139303232646237373361636433
37613632363663626136353961393839396663323934396637313831383163326462303935363332
64316365626137376538666636356532633365363831626662623933323832636462303663366366
66643165313466323733373361393035323237626432353337336330653761633266383139353332
62396532306266616232663038633936623932363166633535333566636139613134326462636561
31333765626131623766333537653435653639376333323364323862373862613466343239656163
31343462366564646365633961363466363538343263323437336430353634643563656333316239
61346235663962333833333930653664623934626661653365333938386336613539323063646265
32323066646630623738336565616332663436366262656534396332663433353535653437393763
33336161386136356335306466313330316265623737386238653666623061323530386434313361
61363135353065646563383334383632323365383731363865616234306635373965343639306365
32303336376339346463333365303939663737383837336563356662373662363632633631656137
34373331633336353437393634666633386366386535633166393834383465653235356233623166
63323338346438653635316139393431633530626231633061616137346438333139363661326666
31663435663565623435313439623638393139336631303535613766316430613138396631316664
33613638323564376135383661313833343363313339336634336366653032326262316139333866
66613132626430626134633032613935393633626435666439326139363163656136653165666261
33303966333530383466353466386263363333646630616265646139666330393539653636623837
34633735643461316538313430613630656437646437373263313961386661653961313566666235
32653731323738663163356132366633373561356338353535346365396336653333636338623336
36633862656561663866383637663830383061343464336430343835353263373539646631333336
32663136616166383364326430393637343337393030306431653737376634633736313631613065
66373635663833636138346163326365623333393062373065306164373637356533643137643665
35626130346630343863346661633532343561653032646364363839353637653564386535326432
63623633396264323163336239616664303936333037623136356462346332646565303032383835
36623536356566313930656139383661326638306461336262393238663232356363303430343865
32336436303132656265666438323165313662316166316434303835616665646337636236333134
61376639663431623433393864373438663061396136653238353731303232333335313663396638
31393636323538626662313634313238633731666532656535643932316464646165656133623939
33306162303564653166623031633462363533636431623739303730383138643363383061393961
64393538373136326231663463373631643530373638346263653364393166383563346161663437
64326636306435623562633735306537643031366164636663396561666266333737346463643737
61336532393264363033396230656563623661623666303064623137653930333631366565316362
30333461356465353064363661636636376335653764653430626164633634306365636562633262
66626232303334303863303932313737656263663534333665663432376463616563323234303661
63613961356438363563313734656436623735326131313461653061323031393530373635636631
63373163396433643464646466373863353364326535663565336666396636643162626330316238
66646236373132613264363664316338336639376162613135396130383763336638623734663932
33383431383638633839633765313435373365343837613636353963343630373265333538353961
36313434653165633165323033393234643031313235633436316533393266376466353865396238
64653962346161353439616133313830643961386537396333306135316537636662626437613936
37376462313135326236346634656332366432326138303231616161326161343932343063363065
32353235303066333239663736343833326562373336313164356236646263383437646265303335
35323136396531313665636435663762333437326232383263613530303761656361626163626338
38353835613663626261353538616133393730613731373066633032636338333733323461363539
61623831366239336464633136633433313630343031383334643233326233623234643337356236
39326661373332623966323835613861646531343139613434653936326361313461623265663861
64386331386263616437393061306133333334646234353633356466663135366635663636306133
31313832666664656438396661666361346336353833383136343432363631313033373066616337
33353964353130343134326630636164633763343463393665613637346237313738363963366330
63316439393636303834396166613065626664366164616630336435636235383737646663376330
63336262643264373239333964363138333231633631393238313632623366663135623663613062
35663061663832643561636365326431643264386530353165306236653066663838336262663463
37353733303632343164343763333235393738383661373333623134343964666537313935313266
36316234393430363839313962376233633362626562636239343764396531333130636564393636
35323663306632633464363235623935363633626366623461363636393737313830386337383762
64633631363236646537343336376632396530326566663235323432373439393530636463353934
34316662343864343837303165653938323865616536646237663232643934343930346463633365
30303334303530313938376139313337653938336537653836343863353934363332616637653139
31356533333164656362663137663839646334626234376336643066303138313461363533613533
33333933323535366531343832616239396432353537633536363164633161353932303630396131
35356532363661393234326236316664313737636336303532353761663665663666323531636235
37306137343533383732383439396661646131656534363464343564336533626434643332393235
32636237646238663838616533616639373766373565666139666563626165633665396237373832
39353836393936303463376363656265383039393965363563616236333435623565326236336233
31343363613436666466313166383663323166633465333231343165343862346639373061646339
36396333313237653434323466666463353233653333653363363265313337333063366631636563
33646566376235346432346138306633303430323831316633653034376637613439353434626439
62313532386230363063643164643663616434363632666438353463646137666264643131613865
66313837393963656338653834373364666534373463316535636337383130613936626262386335
35373236366264366236343136613539643665313961633138343930643931356531373962386530
33643030653166663739666136353137376238333733363239343434326465393039666431653436
65656362323161333835393261393532336664613463363433373231396237616636353562323564
37333864393061626535396138616463646639613239656538326439346664623335313633353538
31313936646463316563613064343961643731366330616130626663636631666661366137386564
37333965626330356339646138656333633564336238666633383035376133636336353332386466
32656437653661336239643939656433353064393564643462323663323631303138303166353364
61323831656235666462356462306462353537613931333265326131386633363539643639323863
65356365643531363938663866636430623432396230613830323038336664313133613530636136
34363063383961626664643035663666653065396566393663376666613037393236613037646465
30313966376264343339313839393038633837656139383136613661663731386333616264653332
32393161633466383366326536613933633461623431323530386636663036323635306632343561
37393237316130636337373238323435393938336338326130336631396562346237323834356262
33393633323430333230663235633438616166303331343238633038303134636239353833383564
63653631643461653236373737323234316631326231353733366130663436626363343435373163
35373061376431313737343761646564616235316130656363653939366335373838663935373033
33323935383038383733626164366462663835653234323765356161316534626138386430326639
62383735346230623835336161323562393132393537643330643639356130356134326434633834
61356261666233373733393935393835306665393934383635336364656462313062346461383832
64636437386462393130316431626132323839623737636137623935363664636330373531653432
36343131343538616238613536666261323464323261353966393530363764646361376166393234
39356434386163313862613666363731643531373332626637633063643931343064623366396537
32346237323266363430653831343633383764353663366264306664393966346535396539626233
30333530323431343138313730393662373638326632346364626566393366323362653763656461
32633561393137623966313435386161383835636638306134343566336262613563316436353237
33353163333332633137626538366131373233343334383231313237653039373561316362636139
63343730323466633262323037343236646138376135646636333366643139383463623637623365
65353539306535313239386537373665376331353136626433623831346530653534323562323335
36313938616337646138666563383062393563623265376638333361613430393837383065353131
35633732656561306164386532343363646261613864656636356465623437396335633266336561
35326239623063393237396136303066616438313937626338363065353439666330356139393136
39343230373830663734373732386361356664343430373664373535306134663435653234343463
31336565633364353464653933643239623734616237383035323937306334626662383334333835
63373931373939383631386630666132376634633539653336656133313165306365653562393031
64666133623265643064393431623437613939376233643061633165666166313037613763653665
33343361653834306431363664366439363162616331353339646436623036653935363166363330
64646262323465396637666435653238643732333137303962343434616265613531626461353366
64636234393733323230646431646261623530313433653361303431383836653032333635393831
37623933643561323064363764633831366661363065623737386361373665303332343563663730
32643433396534353236623238306262393035643363333437333765623535313632303633363862
61623766323764323538636665313633386232386266373364333532333361383732323635313366
30636233343135613332356436656530626161363165303066323762633664353637666636343438
39353333393162663365346133646564376337336134636539316665303731653062396162336331
30646238643731373030656130363937363331613234366537613366313266613261333165616130
39393435323065313436393535393233636231306462633736383930363039343063383036653766
3666666133366133626331313539626235343531373234646531
