$ANSIBLE_VAULT;1.1;AES256
36643832303939613533616662396531373933653864303230616364313861653964306162323565
3132366564353136373163396435643037366363663966350a633265643230393462363361376139
39366638363764633134353230306161376339313938313736386161396564623130666363346236
3765633363373766620a613261636465386535343865346366343961663565303064646262333837
33663032623636646261643839616236323163333333316666393133626231306564643165393331
38323931616637643239383862383966326266636137623462323266663265306639326661363662
61623164653665356238623239333637653364613061363535656237383865633536336464643035
35396465393863656230646365633434663564663163313537323131346638306634656631613437
61623435353731333838633939623132633633363961363637666462636439666330343862643862
33306139326630326534366432393832643034656362343466396133326639373234323131653061
61653665373934356563663863353863303932666439666232313632306136353834663563303163
39323066663732363965653066346163323031356634386638613535376334333734663437666461
62373764353238323936333066636537323031316636623666326266616638373262636635316537
64373638363463386233363961653536613735333134643766383833353037333337643735633438
61663163643135386330653939393339353561653531646336653438393633306231666432613532
32663861353631636538303066323034346434383063616264386339616233656436633434303832
62626332623462633136383466386664353336366437633065616561396531653238353338616431
35643532333537386461316137316533636338656265306633373165343165363133343138303433
63643562656236316533376538643364653937393761373230303064393434346336373862656532
61656266383834653734353864323437616537383131653036333531366231666137383234333235
64383764653738376262623638653162383264666632333764303338646536306165356462643531
3837663632373234336536636536353938623639353364313739
